321	James, Stewart/Calculo de una variable tracendentes tempranas (321)	James, Stewart/Calculo de una variable_ trascendentes tempranas (321)
